<Query>firefox no sound with flash</Query>
932110 0
925393 0
683231 0
675576 2
688783 0
969069 0
1088016 0
1036633 0
465239 0
695865 1
1178516 1
135650 1
319285 0
437525 0
1119069 2
219819 2
599320 0
42352 0
807293 1
1003835 0
951078 1
950472 0
1094770 0
698840 1
1044278 1
1068744 0
729243 2
1173003 0
681709 1
1160345 0
682298 0
687263 0
955684 0
983521 2
94109 0
851215 1
689147 0
969667 0
209858 2
724072 0
1098281 0
610263 0
931769 0
1078592 0
844322 0
733589 0
187207 2
154908 0
930936 0
1108999 0
297600 0
615121 0
213878 0
715486 1
199991 1
977980 1
1094007 0
1126279 2
259237 0
1120106 0
187752 2
1075966 0
1032503 1
1085051 0
1178494 1
1074909 0
1092852 0
778498 0
708405 1
535196 1
715422 0
924410 0
1126108 0
462907 2
1197227 2
744479 2
693033 1
705943 2
647743 0
948810 0
506922 0
1188070 0
931908 0
409770 0
1160461 0
876270 0
988901 0
1124402 0
1069944 1
786953 0
1176578 0
993994 0
710641 2
754530 2
1098856 0
736915 1
853007 0
1072536 0
885872 0
1174939 0
735862 1
654564 1
926168 1
690882 2
856291 0
598034 2
924817 0
602038 0
204224 2
711825 0
1009216 0
823565 1
755245 1
199370 0
1124496 0
955881 1
296590 2
705538 1
1054295 0
694567 0
1159734 2
174979 1
758978 0
864375 1
1060309 0
728089 0
101994 0
753438 0
314718 0
715566 0
590989 2
516706 0
737379 1
1182762 0
590242 0
1171629 0
687220 2
706137 2
1134626 0
402293 1
665486 0
480563 0
687804 2
91063 2
1039891 0
696828 0
1074786 0
988558 0
1171528 0
962727 0
1123764 0
697702 1
1197505 2
746464 1
734912 1
1184032 1
330766 1
988606 2
988655 0
887668 0
583995 1
189026 0
58691 2
1099522 1
494942 0
219365 1
1196476 0
220494 2
1006979 1
727883 1
<Query>virtualbox keyboard problem</Query>
578247 0
588689 0
388840 0
536045 0
721476 0
652824 0
1075595 0
691010 0
1086385 0
1074448 0
1033036 0
1036099 0
709143 0
378000 0
1033689 0
1059440 0
786308 2
1130185 0
930581 0
1083473 0
1059370 0
991746 0
563310 0
941024 0
1019087 0
508131 0
653102 0
1069486 1
1069769 0
1182785 0
1185840 0
738206 0
1069574 0
734783 0
341740 0
856348 0
368340 0
1006423 0
690285 0
734406 0
1129976 0
1078801 0
994942 0
1160178 0
1186968 0
989896 0
350931 0
1109921 0
476447 0
1061292 0
1069016 0
616529 0
949287 0
1077245 1
1086901 0
718182 0
1012605 1
731425 0
1026757 0
1074501 0
1020592 0
973874 1
753574 0
373651 0
844899 0
1047693 0
1090691 0
1013576 0
513698 1
386584 0
1115115 0
995985 0
653853 0
1005450 0
1050937 0
1051305 0
1122441 0
1120317 0
396123 0
1188895 0
1030364 0
996800 0
989656 0
384519 0
1123059 0
974393 0
939057 1
1074402 0
741501 0
1028585 0
1097883 0
460404 0
1113957 0
1127627 0
1066344 0
735293 0
722172 0
1087572 0
502337 0
1035654 1
1056522 0
1037402 0
924847 0
935205 0
998157 0
1131730 0
1082678 0
938108 0
1056668 1
934884 0
984023 0
754555 1
746817 2
1039560 1
998937 0
1035767 0
1186701 0
728120 0
1128254 0
1059824 0
1027810 1
1070469 0
742490 0
990514 0
1093533 0
838073 0
728609 0
389909 0
1004919 0
1091103 0
225966 0
761080 0
372285 0
1089265 1
412985 0
992305 2
990644 0
969748 0
1029313 0
940833 0
972444 0
720893 0
411949 0
1087934 0
1090549 0
946268 0
1064851 0
1022572 1
932549 0
1121505 0
433359 0
715593 0
1044064 0
720349 0
999862 0
989996 0
1126972 0
742437 0
1156763 0
924485 0
749137 0
721131 0
1076928 0
625315 0
590958 0
924610 0
1050165 0
148467 0
1190813 0
405228 0
1074643 0
<Query>how to dual boot windows and ubuntu</Query>
1005572 2
234676 0
927231 0
1003192 0
1149950 2
934497 0
55757 0
937453 0
1040448 0
1026011 0
363179 0
1197706 1
475281 0
580021 0
998039 2
404689 0
987678 0
1041750 0
159447 0
1191333 1
761957 0
608052 0
684962 0
548109 0
1025640 0
742697 0
1061395 0
1049056 0
661433 0
742700 0
1026224 0
705655 0
947383 0
904645 2
1189442 0
1020442 0
1180484 1
1115377 0
715614 0
755141 1
670613 2
1195403 1
635059 1
1193964 0
547887 0
661338 1
456404 0
1066273 0
928361 0
748365 0
1014208 1
1110547 0
1182101 0
1055749 0
1193621 0
387134 0
540033 0
157160 0
940130 0
79145 0
981805 0
1071258 0
1050374 1
658538 0
1099298 0
969874 0
669364 2
1006838 0
1107532 1
1186556 0
1069546 0
1028816 1
442945 0
715741 0
1179146 1
747573 0
1017900 0
972562 0
1058930 0
977796 0
1058641 0
760079 0
1072903 0
1067891 0
754393 0
1003713 1
1001904 0
883238 1
936217 0
1030502 0
927325 0
241104 0
606924 2
1103218 0
1123194 0
538448 0
759931 0
1188739 0
1096319 2
936866 0
941014 2
1058632 1
998204 0
1173673 0
1051373 0
1042849 0
726991 0
1037421 0
887255 0
540397 1
1174946 0
1190226 0
594446 1
240597 0
1025672 1
1086471 0
1059510 2
928803 2
486394 0
1097762 1
493690 0
951530 0
461907 2
937893 2
513765 2
955017 1
992224 1
716161 0
930380 1
1131863 1
631452 0
893938 0
255053 0
1004663 2
997659 0
747069 1
1030616 0
1096005 0
1194384 0
1197137 0
653726 0
1128648 0
132207 0
1008628 1
1015144 0
1176755 0
1042051 0
575788 0
925508 1
636617 1
1183207 0
973917 1
1036632 0
939466 1
1192593 0
1123517 0
1025323 0
708575 1
1178783 2
926373 0
1198357 0
1052414 0
977542 0
977857 1
77195 0
989691 0
1005683 0
920862 1
1024685 1
754275 0
1035639 0
999082 0
384449 0
1029089 0
936405 1
935609 1
1083028 0
1187423 0
758058 1
998320 0
61219 0
1009504 0
1185696 1
1036228 0
992159 0
1089078 0
1031054 0
1015908 1
327717 2
1175096 0
1107028 0
1065397 2
719722 0
1071617 1
990529 0
436399 0
504157 0
967100 0
1191763 0
1072960 2
685931 0
757313 0
1181168 0
984640 2
1182128 0
1188356 0
725767 1
80821 0
1077453 0
1104000 0
1117762 1
667070 0
1053351 1
988291 0
1197344 0
682754 0
982023 1
957117 0
724526 0
936959 0
985406 0
1149150 1
594298 0
942370 0
1061169 0
1190289 0
1001464 0
1128613 0
979828 0
1173701 0
892190 0
966904 0
1070003 2
7767 0
1045711 0
1065574 0
1041465 1
724388 0
752641 0
<Query>cisco vpn client for ubuntu</Query>
719419 0
636986 0
1113256 1
741738 0
1105216 1
1095079 0
1032708 1
242538 0
761556 0
262252 2
724110 0
140525 0
1082392 0
1196648 0
702660 1
934226 0
681557 0
757984 0
745358 0
50796 0
187325 1
1038052 0
185759 0
711844 0
675474 0
726577 1
727471 0
1074167 0
734844 0
1056324 0
736896 0
738609 0
671663 0
1114717 0
729436 2
417254 0
1196297 0
751178 0
21105 0
236710 0
742264 0
325581 0
1013228 0
401261 0
430136 2
1086688 0
662888 0
596274 0
505359 0
741890 0
769273 2
687876 0
735532 0
572299 0
552216 0
759326 2
1012383 0
72982 1
1068417 1
711563 1
266323 1
957074 0
1088870 0
741656 0
531782 0
549720 0
21054 2
1067422 0
986282 0
680621 0
703233 0
619471 1
744044 0
581035 0
1194237 0
299477 0
9609 0
211204 1
432904 0
1009948 0
527423 0
1108322 0
243489 2
727617 0
1118995 0
749645 0
421542 0
465581 0
1097481 0
457206 0
711574 0
685226 0
470406 0
1053065 0
346960 0
928314 1
753635 0
463797 0
1057991 0
744292 0
507196 0
309177 0
709183 1
733229 1
704560 0
748479 1
753192 0
684597 1
500504 2
1017409 0
480322 0
758662 0
933549 2
988211 0
735842 0
597288 0
1183787 0
990451 0
726001 0
342546 0
595931 0
289770 0
441042 0
110843 0
<Query>how to adjust screen resolution in ubuntu</Query>
653144 0
1074837 1
295377 1
753418 0
299694 1
1041939 1
83962 0
1031754 0
1108353 0
708566 0
265247 1
694059 0
1051924 1
931552 2
301961 0
1019837 2
581503 0
715033 0
511603 1
726038 0
754824 0
739327 0
703234 1
686791 1
737576 1
986455 0
581075 0
1063056 1
407113 0
957327 2
963454 1
611588 0
940416 0
739322 0
1032743 0
725599 0
707863 0
1002035 1
447751 2
729735 0
457137 2
710026 0
944206 2
815925 0
1029083 1
1053694 1
10934 0
1184464 0
620303 1
1057367 0
978636 1
297962 0
555324 0
588495 0
1192515 0
997313 0
1002726 0
708282 0
301946 0
1003099 0
300968 0
529355 1
949150 0
759583 0
669165 0
1114465 0
929504 0
684332 0
1020651 0
625087 0
627863 0
697237 0
614292 0
1077328 0
1003722 0
965871 0
459828 0
1012365 1
1077550 2
1032862 0
23048 0
976120 0
1097905 2
1089952 0
1064032 1
672808 2
9999 0
746071 1
1066406 0
792437 1
1081953 2
1187869 0
1033790 0
1192983 0
1188477 0
1075744 0
391398 1
1048296 0
1074037 0
1083448 0
1031195 0
720529 0
437289 0
723848 0
306681 0
1023209 0
686494 0
740753 0
750829 0
744918 0
704074 0
1010414 1
602216 0
1045946 1
581947 0
1126202 1
1190719 0
724847 1
948721 0
742521 1
605011 0
392638 0
511741 1
1052724 1
810598 0
454517 2
538759 1
507007 2
151192 2
1023877 0
485689 1
1179038 1
1130105 0
594356 0
573633 1
1062548 0
587681 0
686769 0
585624 0
1011617 0
1034574 0
1124659 0
668866 1
715937 0
655283 0
47476 0
1059207 2
637732 0
959862 0
704069 0
706522 0
714735 1
1037582 0
646228 0
581798 0
301941 0
727511 0
986322 1
702658 0
219532 0
96980 1
16070 0
968200 0
926566 1
744437 0
1181299 0
370204 0
751339 0
659081 0
946291 0
882463 0
533559 0
584205 0
554324 0
1062657 0
768316 0
203905 0
521053 0
970516 0
691224 0
909872 0
559911 0
684124 0
993124 0
590598 0
727030 0
1096123 0
1197281 0
<Query>running microsoft office with wine</Query>
1113065 2
437892 0
1194740 0
752260 1
961009 0
1125202 0
570536 0
1063322 0
1039604 0
519672 0
997653 0
702061 0
722337 0
979365 0
578256 0
973881 0
993883 0
804620 0
877972 0
812321 0
1057616 0
1085287 0
660526 1
887905 0
921186 0
825201 0
148374 0
539479 0
1045419 0
656537 0
507898 0
1182194 0
696557 0
1106681 0
673206 0
1039346 1
651285 0
1194564 0
1179865 0
951169 0
1020192 0
1099950 0
1006930 0
1116994 0
1076635 1
1196781 1
755667 0
79145 0
708516 0
825056 0
897668 0
991053 2
395954 0
901027 0
1074963 0
1168495 0
1196290 0
705155 0
615793 0
1047024 0
619974 0
85089 0
1051209 0
927998 0
754393 0
943027 0
1074452 0
927325 0
1073696 0
1048672 0
97894 0
1053934 0
1174673 0
1079451 0
969329 0
1025961 0
1198179 0
600537 0
1192387 0
49232 0
471103 0
254821 0
447287 0
412878 2
759439 0
1111266 0
962482 0
1079716 0
586846 0
1004634 0
1022058 2
471215 0
762127 0
1084568 0
806186 0
1180664 0
102511 0
65733 0
1085341 0
358647 0
1084991 0
332752 0
1097236 0
888758 0
1076161 2
1126270 0
1037404 0
783474 0
989642 0
952166 0
1021310 0
946515 0
1192097 0
470842 0
1028388 0
1021312 0
983953 0
734349 0
936570 0
988990 1
1109718 0
981677 0
1037931 0
965191 0
992159 0
927786 0
727734 1
1188148 1
995546 0
1060766 0
942475 0
691770 0
335098 0
928628 0
656645 0
1178136 0
761155 0
1013123 0
1195313 0
659418 0
1111324 0
730387 0
1021540 0
1106499 0
953591 0
1080110 0
927990 0
953945 1
1024742 0
737423 0
757384 0
676969 0
750170 0
566553 0
1195204 0
609947 0
724985 0
<Query>grub error while booting</Query>
1010397 0
1058276 0
1055071 2
761292 1
1047135 1
1055406 2
825421 0
724686 0
1076123 0
1003295 0
752489 0
582751 0
1041750 0
1002503 0
1198203 1
1060990 1
1183755 0
968888 0
742697 1
943574 0
1018816 0
950233 1
956230 0
948895 0
1006315 0
705655 0
1047538 1
947383 0
868131 2
1127381 0
965353 0
1027533 1
1189272 1
1120298 0
962457 2
927975 2
1100862 0
1050785 1
1184508 2
1002896 1
977268 2
950372 0
996907 1
994865 1
1071854 0
981805 0
974390 0
1040999 2
1178343 1
1099298 1
1010037 2
1028897 1
1031444 2
943914 1
1192420 0
1100088 2
1190405 0
974311 0
995006 0
442945 2
1121077 0
608885 0
970564 0
1079935 0
1193229 0
823933 0
1075415 0
921352 0
1086003 0
1010083 0
1022594 1
1031026 2
1123194 2
1103218 0
1185077 1
1001173 2
1124161 0
974262 0
1125171 2
1090558 0
1058632 1
1076093 1
736670 0
814438 0
1016906 1
1070595 0
1176781 2
685356 0
1176486 1
744647 1
931982 0
1124610 2
1174946 0
1001233 1
1171676 2
1017680 0
1064291 1
1097762 0
1088162 0
931861 0
1091349 2
951530 1
1079895 0
1181933 1
1090275 0
1101595 0
1182131 0
1036904 1
1017890 1
930582 0
1108750 0
255053 2
995541 2
1011528 0
1022179 0
1004399 1
1066049 0
1049317 0
1067572 0
1176755 0
539681 0
1064471 0
973917 0
712704 1
635285 0
646570 0
992128 1
1122725 0
1114601 0
720872 0
752773 2
942998 2
1024201 0
953449 0
434550 0
608882 0
924509 2
1035639 1
1117791 1
986410 1
984955 0
996082 2
438591 0
525457 0
1066530 0
1088033 2
1024811 0
922678 1
1047942 0
960275 1
761904 0
720593 0
752588 1
1031054 0
538304 2
313600 2
1052954 2
1037876 1
1045678 0
964155 0
258226 0
756871 0
1121629 2
1193290 0
1016933 0
979984 0
735974 1
685931 0
996771 1
984640 0
981433 0
675525 0
985699 0
1036982 0
1027755 1
1190905 0
763015 0
995937 0
1117762 0
621079 0
734905 1
510030 0
1063611 1
932380 0
1105982 0
970275 2
923816 1
1015456 2
1081342 0
974394 0
666307 1
297261 1
742828 1
<Query>wireless connection not working</Query>
1198039 0
752407 0
580448 0
750210 0
715950 0
729180 0
751731 1
727314 2
584046 0
621379 1
461273 1
730220 1
1160239 1
785981 1
598314 0
722296 0
582938 1
676280 0
707433 0
1097438 1
750578 0
605171 1
547191 1
509687 0
848135 0
466521 1
414867 1
739320 0
480717 0
760735 1
935608 0
1196357 1
726561 0
747811 0
759657 0
750779 1
285809 0
1019253 1
546106 0
1053326 1
662877 0
132999 0
314036 0
622549 0
691943 0
237905 0
723517 1
724451 1
639939 1
581055 1
737998 1
740851 1
1123008 1
571046 2
721341 1
476148 0
726523 0
750771 0
660003 0
530482 0
729093 0
702593 0
1049555 0
757532 1
502709 1
730848 1
1076751 2
756833 0
717307 1
722685 1
697497 0
603154 2
734345 0
925099 0
595059 1
284224 0
981238 0
1173538 0
1038251 0
1191487 0
346370 1
708731 1
652490 0
719161 0
472022 1
743291 0
424262 0
719810 2
713732 1
414001 0
660836 0
352040 1
532367 0
683085 0
747739 0
587457 1
665792 1
757385 0
1018625 1
930718 0
709447 1
680201 0
1192447 1
233565 0
400258 0
727770 0
751316 0
1180734 1
279946 0
757840 0
734924 2
745359 0
701794 0
714036 1
706646 2
943414 0
718863 0
961962 0
1040065 1
575918 1
712237 0
712337 0
1089398 0
698586 0
434946 0
554516 0
619376 2
701134 0
587922 1
721025 0
475963 0
708148 0
714598 0
730216 0
1172776 1
647396 1
512828 0
744520 0
707390 0
720647 2
898217 0
726404 0
717740 0
726341 0
523508 1
760960 0
132980 1
1120058 1
467129 0
590093 0
634507 1
516871 0
948197 0
1061476 1
710712 0
937420 0
480482 1
978298 0
493958 0
834222 1
1184143 0
713507 2
468974 0
363837 1
687290 0
737444 0
702786 1
713299 2
712403 1
724234 1
420741 0
710332 1
550351 1
741369 1
211780 0
1196301 0
735890 0
641707 1
13516 1
1048707 0
706784 2
1032025 2
713149 0
405825 0
1177161 0
624389 0
493095 0
722119 0
588045 0
942314 1
726101 0
741207 1
757180 1
336654 0
741730 0
465995 1
635527 1
633555 1
572005 0
757404 1
582533 1
567092 0
744566 0
723383 0
1195868 2
652910 0
723190 0
745321 0
743368 0
759815 2
737448 2
949421 2
405990 0
728070 0
724275 1
739194 1
1194381 1
1055470 0
592970 0
577513 0
1021162 2
340689 0
594857 0
501563 0
584657 0
652098 0
754372 1
516649 0
1177917 0
612404 2
<Query>gnome amarok alternative</Query>
740136 0
1155125 0
720562 0
1114842 0
463085 1
991223 0
664054 0
1182441 0
660154 0
634238 0
9937 0
424843 0
331981 0
1191417 1
188985 1
251295 0
732141 0
342429 0
273137 0
688326 0
747126 0
981949 0
522075 0
1067078 1
946218 0
397629 0
712584 0
480717 0
363938 1
980562 0
981915 0
261758 0
647480 1
924375 0
707532 0
32439 0
583969 0
672858 0
728281 0
932173 1
402907 0
260609 0
701381 1
427440 2
670900 0
550590 0
730754 0
936808 0
709247 1
656239 0
758877 1
749127 0
947008 0
691092 0
1064306 0
481820 0
268538 0
182212 0
363657 1
707949 0
693668 0
677005 2
490462 0
1004787 0
687780 0
454519 0
1032254 0
933337 0
982946 0
367187 0
1097398 0
1180287 0
432151 0
715723 0
70665 0
738402 0
559399 0
586025 0
352798 0
438287 0
610716 0
597729 0
417377 0
1068264 0
468440 0
1106050 0
347646 0
1181427 0
50400 0
738915 0
927947 0
744208 0
1056012 1
751462 2
951945 2
1183894 0
375833 0
377666 0
121789 0
761051 0
424453 0
436498 0
603499 0
73307 0
710960 0
314963 0
754657 0
267417 0
972800 0
261872 0
564165 0
77991 0
695027 0
747397 0
946493 0
128940 0
751557 0
944145 0
754955 0
63119 0
728475 1
760970 2
689789 0
546935 0
1178328 0
815881 0
551750 0
487234 0
1176887 0
694839 2
57365 1
712633 0
751414 2
111567 2
1029917 0
934093 1
1132064 0
409863 0
417628 0
965048 0
721688 0
1051627 0
625583 0
444277 0
271649 0
678668 1
659418 1
558527 0
713397 0
210683 0
687188 0
238256 0
572439 0
1181751 0
1191498 0
1102115 1
740261 0
315381 0
431217 0
608436 1
1013812 0
690627 1
595247 0
588663 1
626027 0
1062068 0
693859 0
<Query>which is better gnome kde</Query>
1028285 0
398378 0
1109224 0
665872 0
667921 0
417865 0
575349 2
729085 0
954539 1
1001618 1
1098869 2
1119396 0
747474 0
597063 1
573267 0
629388 0
1097037 0
1024768 0
911705 0
490891 0
646306 0
681795 0
689241 0
723866 1
656002 0
661026 0
738418 0
955684 0
1158600 1
726561 0
454526 0
545434 0
949561 0
647480 2
391909 0
1190629 0
32439 1
636247 0
624533 0
579820 0
535719 1
1053245 0
550590 0
1182341 1
472121 0
643405 0
619873 1
752147 0
1088933 0
417885 1
739146 0
922763 0
677019 0
719282 1
683600 0
737759 0
758113 1
562406 0
1068348 0
1017153 0
123725 0
718923 0
648774 0
1185739 0
501802 1
974675 0
693668 2
527507 0
1075184 0
742052 2
482625 0
47231 1
490462 1
53293 0
935403 0
659261 0
745259 0
927566 1
1089488 1
630136 0
83411 0
693605 0
642380 0
737976 1
636137 0
501210 0
946303 0
555989 1
367197 0
42379 1
971189 0
562817 0
27105 0
708341 0
649281 0
880240 0
454352 0
647065 1
654774 0
261282 0
141905 0
632279 1
1026098 1
652075 0
962643 0
458338 0
1197064 0
1189190 0
1069589 0
597729 0
1087631 0
141765 0
624527 0
425044 1
1099302 0
95275 0
573355 2
663866 0
713631 0
444217 0
667039 1
121789 1
1011812 0
486854 0
1182321 0
671328 0
588772 1
965897 0
967929 0
682988 0
723920 1
1126473 1
742750 0
647281 0
1122552 1
665719 1
681603 0
683896 2
223758 0
747397 0
325409 0
1003146 0
987415 0
477483 0
1102995 0
724327 0
729341 0
974080 0
578724 1
689789 1
925107 1
738956 0
17749 0
101333 0
538759 0
618593 0
1038256 0
111567 0
244739 0
942124 0
409863 0
1089446 0
605873 2
600718 1
611969 0
1094950 1
444277 0
939242 0
1126708 1
746840 0
619063 1
980347 0
659418 0
1124696 0
263710 0
925357 1
564406 1
708517 0
572439 0
981967 0
731525 0
1102115 1
345193 0
740261 2
471659 0
318690 0
1111726 0
628732 0
709511 0
34829 0
626027 0
693859 0
933871 0
<Query>playing windows media files on ubuntu</Query>
922241 1
747152 0
1130216 0
688506 0
325614 0
701763 2
679549 0
704412 0
996103 1
1184192 0
684693 0
1056289 0
1019839 0
760587 0
672622 0
727783 0
1197803 0
705160 0
455480 0
467032 0
398706 0
726793 0
1163683 0
1067078 0
370660 0
989745 0
1172044 1
1016275 0
1040735 0
624935 0
754437 0
610218 0
692962 0
426979 0
1036353 0
1082500 0
951977 1
745827 0
950569 0
688299 1
716837 1
484480 0
540033 0
592735 0
81253 1
758507 0
747535 0
452919 1
293373 0
686237 0
721037 0
760988 0
1125760 0
923624 1
739609 2
1104350 0
1101234 0
937361 0
936920 0
127656 0
973927 0
727024 0
452694 1
631213 1
709933 0
688316 0
883238 0
71164 0
683580 1
449323 0
927325 0
531656 0
1025840 0
744194 0
1024675 0
626053 1
737872 0
606942 1
733019 1
376042 1
688648 0
616353 2
633600 1
257244 1
733176 0
1037604 0
694778 2
713675 2
968516 0
740872 1
513765 0
172724 1
723693 0
308015 1
706536 0
710003 0
736262 0
708593 0
712285 1
431587 0
1078404 0
981920 0
706112 0
1063882 0
734495 0
1198923 1
662046 0
693319 0
757094 0
721089 0
650013 0
202598 0
188783 0
739937 0
423997 0
1198357 0
639393 0
706078 0
470842 0
605828 0
413874 2
626437 0
1123319 0
1086009 0
621378 0
468832 1
661782 0
760030 0
1124853 0
1022357 0
1194210 0
712844 1
1179858 0
89873 0
715566 2
753185 0
720582 1
467015 1
526197 1
1019998 2
1127269 1
979129 2
737580 1
745301 0
985697 0
1031063 0
1027839 0
1096204 0
648532 0
619362 0
745575 0
1176201 0
752130 2
591162 0
1184558 0
412789 0
1095530 0
756346 0
575729 0
501854 0
868583 0
90589 1
632428 0
1037289 0
700335 0
754813 0
1193363 0
708949 1
1031644 0
540412 2
940543 0
1195204 0
739679 0
1090820 0
706013 0
511186 2
432873 1
725335 1
440031 0
1120705 1
434486 1
<Query>enable surround sound in ubuntu</Query>
336842 0
236826 0
984338 0
770028 1
1182815 1
1049724 0
620724 1
701541 0
686198 1
749995 0
929918 0
182472 2
724621 0
102377 0
748536 1
586411 0
586124 0
1175083 0
1063819 0
1022225 0
747296 0
754182 0
614325 0
600254 0
669040 0
720328 0
648037 0
891823 0
1183012 0
596530 0
750081 0
481684 0
726950 0
1198206 0
1033419 0
1018708 0
620618 0
429754 1
1069350 0
553613 2
677596 0
954181 0
365342 0
706209 0
570933 0
682990 2
652923 1
393272 0
723824 0
1108011 0
722967 0
754155 0
654365 0
665930 0
477057 0
726000 0
935403 1
9484 0
693074 2
437904 1
754312 0
739553 1
580398 2
754875 1
212566 0
923802 0
697968 1
731290 0
968124 0
745857 0
699594 0
709436 1
1024920 0
755110 0
114551 0
32213 0
373287 0
474870 0
1111833 1
632922 1
1097808 0
187541 1
692403 0
86827 0
223032 0
694310 0
927041 0
434911 0
720202 0
1020338 1
551824 0
699340 0
707092 0
205449 2
682360 0
385794 0
104704 1
1135805 0
990439 0
681855 2
620639 0
1034603 0
719694 2
1159734 0
566682 0
141004 2
734435 1
760875 0
1119153 1
669748 2
344681 0
113145 1
937618 0
760592 0
184814 1
1131468 0
595412 1
845357 0
69027 1
202555 0
712230 0
450540 0
721845 2
553500 0
678668 0
754045 0
587967 0
759147 0
903734 1
549033 0
661870 1
731117 0
616617 0
472306 1
604314 0
1021504 1
684293 1
415821 0
706648 1
515003 2
<Query>firefox crash with flash</Query>
932110 1
925393 0
833865 1
1002417 1
1088016 1
923586 0
719688 0
465239 2
926973 1
651172 0
956989 1
166295 0
1189486 0
930398 1
1119069 0
335380 0
699609 2
1063601 0
950472 0
712040 0
1068744 0
1173003 2
1160345 0
687263 0
963397 1
690211 2
594413 1
1184377 1
23281 1
1082809 0
745692 0
1137378 0
50515 0
731944 1
1108992 0
931769 2
1028915 0
1019317 0
422409 0
1036701 1
187207 0
154908 2
930936 0
980106 0
96068 0
872522 0
1179350 0
297600 0
1152195 1
923835 0
213878 1
199991 0
62064 0
1130397 2
1094007 0
1097304 0
1082395 0
1193669 0
1044906 0
259237 0
687879 0
1032191 0
1075966 1
1112184 0
1110063 0
1110102 0
1092852 0
778498 1
1108665 1
982111 0
1098986 0
535196 0
924410 0
1123806 1
744479 0
693033 0
647743 0
931908 0
1124402 0
988901 0
1176261 0
1069944 1
44810 0
1176578 0
611905 0
736915 0
1098856 1
975694 0
1197752 0
853007 0
1083799 0
1169411 0
1164272 0
885872 0
443798 0
1188068 0
654564 2
926168 1
598034 0
856291 1
706817 0
711825 2
1124496 0
954892 1
955881 1
750766 0
1008957 0
758978 1
928370 0
728089 0
456892 0
967347 0
961316 1
636397 0
743326 2
51528 1
638143 1
590242 0
1080453 1
1071279 1
972470 0
984315 0
892605 1
1193820 0
480563 1
1015190 1
587650 0
1074786 0
696828 1
988558 1
1171528 0
478204 0
751092 1
1037862 0
719627 0
981344 0
1108220 1
1048122 1
1123342 0
734912 0
313411 0
988655 1
756663 0
887668 0
189026 0
1057157 0
753723 2
750714 0
494942 0
1046859 0
1078624 0
1196476 0
924566 0
1082766 1
1127272 1
930059 0
737279 0
1189805 1
929575 0
333894 0
<Query>webcam not working in ubuntu</Query>
927058 1
702628 0
508914 1
1188591 1
1000972 0
708270 0
513795 0
428482 1
280121 1
700111 1
561433 0
757461 2
733715 0
733992 0
731670 0
964661 1
751881 1
694487 1
725806 0
1196653 0
698067 0
876554 0
322218 1
573740 0
972078 0
1024452 0
569237 0
695420 0
126696 0
720555 1
1020867 0
1007332 0
936752 0
330233 1
498571 1
925689 0
979389 0
692285 1
721334 1
1188573 0
1036827 0
196628 0
1015093 0
1072672 0
690151 0
797715 1
1194685 0
1083150 0
118517 1
387576 0
486722 0
1027043 0
646946 1
1028957 0
755675 1
387222 0
513481 0
1168495 0
1030893 0
485275 0
1079849 0
229799 0
940638 0
1198709 0
1093120 0
845981 0
494041 0
622833 1
621874 1
1189252 0
1095045 0
940425 0
283913 0
1008184 0
575509 1
190900 0
966436 0
740405 0
1030611 0
640465 1
303330 0
239999 1
729245 0
1007341 1
1180107 0
925255 2
636733 0
709960 1
375005 1
972601 0
700634 0
733987 0
733170 0
82495 1
1196654 0
1075572 0
636080 1
743924 0
773802 0
978317 1
619600 1
952499 0
1115874 0
1098078 0
968055 0
536546 1
746065 0
933577 0
457598 1
625431 1
723492 0
492350 0
651182 1
543204 0
409251 0
602962 2
706417 1
1032890 0
1000337 0
1182611 0
456610 1
509684 1
532852 1
1029199 0
687789 1
369801 0
673207 0
621815 1
1041734 0
723221 0
607857 0
563204 0
247900 0
1179309 0
659050 0
924655 0
974689 0
381577 1
995111 0
491381 0
994959 0
689094 0
713151 0
727201 0
757500 0
1011510 0
194793 1
675977 0
694349 1
1156277 1
950963 0
1177161 0
1186421 0
363203 0
692741 1
642015 0
654153 0
1041043 0
205782 1
986795 0
301038 0
1025057 0
667028 1
599361 0
1175535 1
749078 0
1010316 1
1092324 0
537618 0
3853 0
497379 0
1089789 1
664232 1
669202 0
470779 0
715732 0
1013036 0
691117 0
968595 1
700237 0
<Query>mount ntfs partitions in ubuntu</Query>
1173884 0
585024 0
1056937 0
1130216 1
990592 0
574417 0
1011232 2
1010818 1
1013141 0
453958 0
608210 1
1025760 0
1005148 1
975695 0
51617 0
1035739 0
530019 1
972940 0
723994 0
1008357 1
979064 2
1017488 1
700132 0
1175540 0
1016275 0
729110 1
788381 1
1014071 0
1106725 0
1015434 1
1052917 0
961056 0
1020121 0
1113043 2
1008593 0
1008658 0
745827 0
1043060 1
944296 0
978987 0
747535 0
1189414 0
1068972 0
1036637 0
1080058 0
1036013 0
452641 1
1036015 1
1090163 1
1124779 0
944214 0
735452 0
987194 0
924604 0
442945 0
1131243 0
1116002 0
1053369 0
924602 1
264524 0
1085044 1
1111225 1
524277 0
1095291 0
1089421 0
1036081 0
1004482 1
1024675 0
1185183 0
1033401 0
944001 1
926233 0
1003141 1
1184682 0
136943 0
1028014 0
973103 0
994481 0
760395 0
932229 1
288738 2
720250 0
753677 0
949457 1
1053545 0
578648 1
748384 1
255053 0
81444 0
1115086 0
1079505 0
1047548 0
1082116 0
1030733 1
939344 1
986219 0
967639 0
932487 0
1092950 0
926492 1
486987 0
760916 1
625093 0
1080011 1
1024965 1
1008195 0
920862 0
1005683 2
1174136 0
1024201 0
1049603 0
1123319 0
996082 0
1099350 0
985387 0
1009142 1
978579 2
880647 0
1053918 0
1098752 1
1103982 0
726363 0
1027527 0
652104 0
926657 1
1076685 0
963119 0
1065878 0
934411 0
1093011 0
1196445 0
1188051 0
1011366 0
741349 2
755323 0
1076365 0
1081913 0
766688 0
1186779 0
1041822 0
353690 0
1056995 0
615993 0
722212 0
1031634 1
990529 0
988849 0
1028577 2
1109355 0
1045617 0
1120744 1
1117379 0
918953 0
925165 1
501854 1
1066082 0
1085634 1
1193207 0
975371 0
1058128 1
719631 0
708792 0
560365 1
1017046 0
724003 0
1038216 0
948950 0
1028000 0
1074341 0
1020934 0
981450 0
588326 0
1065399 0
590915 1
1197898 2
604107 0
1063198 0
950248 1
731638 0
<Query>how to change file permissions</Query>
1100278 0
1019525 0
1177267 0
1095007 0
765421 0
734570 0
1043618 0
747777 1
1025576 0
975488 0
687679 0
934325 1
1194699 0
1085336 0
122242 0
404503 0
721112 1
1194478 0
1005389 0
470867 0
1041131 1
1124469 1
997084 0
1045094 0
739923 0
971197 1
870434 0
1003809 0
1038376 0
1192989 0
1004102 1
719621 1
1181240 0
929775 0
996665 0
1195389 0
1004216 0
1131712 1
710607 0
1121620 0
1025799 0
1064377 0
722228 0
1069238 2
560596 0
934183 1
1199064 0
952525 2
269330 1
1174221 0
1004844 1
950737 1
997285 1
1025916 1
1050670 0
1024234 0
1050213 0
1058782 0
942083 1
1123602 0
1127548 1
1106847 0
495782 0
924239 1
1123918 1
1051182 1
743132 0
1084247 1
928395 0
751819 0
691127 0
40617 0
995084 0
755317 0
1193652 0
686517 0
1122722 0
1104331 1
425260 1
738567 0
1026822 0
1095291 0
1080525 0
337468 0
642020 0
734373 0
992827 1
944893 0
1097689 0
710601 2
145741 0
756666 0
1106197 2
1188848 1
1108396 1
1121033 0
938258 1
1000551 2
1036586 0
720470 0
1172705 0
1069171 0
1036093 1
623988 2
1005694 1
1086624 0
195944 0
712168 0
931417 0
543915 0
612499 2
1176464 1
1027748 1
1185701 0
1129610 0
1109655 0
1078404 0
1046864 0
1006564 0
698864 1
1071964 1
1102439 0
1091909 0
1098468 1
933476 1
700332 0
1127325 0
1107165 0
1019631 1
1093107 0
1101390 1
736450 1
1064573 0
1188256 0
1117257 0
1004564 0
742568 0
1076661 0
933428 0
943621 0
1028347 2
1008889 0
1090976 0
942661 0
931142 0
375510 0
1020432 1
666529 1
231934 0
956106 1
1054794 0
744902 0
745756 0
929836 2
875823 1
404619 0
1052672 0
1094335 0
1073564 0
685996 0
1019111 1
486646 0
1182375 2
757571 0
958376 0
1036959 1
1008929 1
937011 0
501854 0
1008085 0
1208703 0
954444 0
445213 2
724819 0
1037289 0
1122716 1
740426 0
1188646 0
1085773 0
1083264 0
1187622 0
1193481 1
784334 1
<Query>how to set up a network printer</Query>
55653 0
953827 0
701994 0
973090 0
388840 0
972874 0
96866 0
635670 1
489278 0
944765 0
744210 1
713874 0
1026639 1
799014 0
228454 0
731782 0
1058337 0
10125 0
122855 0
1122740 0
76647 0
731794 0
934350 0
755411 0
1050825 0
722427 0
483415 0
753923 0
361845 2
614876 0
935489 0
571795 0
419661 0
729497 0
577115 0
752127 0
638170 0
722808 0
553004 2
280624 2
1112175 1
531086 0
671411 0
22474 0
30243 0
631684 0
597938 0
1050213 1
1116632 0
935124 0
753287 0
411815 0
698977 0
1175171 0
729559 1
603154 0
734649 0
703172 0
755682 0
1169575 0
635556 0
728764 0
449475 0
996313 2
1018165 1
651982 1
301112 1
540375 2
755198 0
1011476 1
1000626 0
1090219 0
595146 0
891611 1
999412 1
656975 1
1079435 0
761834 0
1197508 0
244109 0
1173549 0
735614 0
1105494 0
1096956 0
760586 2
998675 0
636489 0
732256 1
1045121 0
727995 1
720203 0
1190540 2
103881 0
1191055 0
588043 1
1123969 0
708578 1
126968 0
757630 0
722064 0
1167315 0
846886 0
963792 0
134937 1
969342 0
1087854 2
1072010 0
920541 0
708382 1
512049 0
77516 2
1049034 0
1180477 0
748802 0
973427 0
1031602 1
443664 1
56940 0
737219 0
733783 0
743609 0
244421 0
338253 0
249270 0
694530 0
762017 1
1085715 2
671168 1
30920 1
1091167 0
787166 1
991970 0
1069191 0
756350 0
743422 0
704513 0
745469 0
742568 0
681328 1
962970 0
940897 0
736346 0
757209 0
1031694 1
268245 0
1180610 0
426391 0
1014698 1
890502 1
752014 2
1190479 0
760093 1
727131 0
705801 0
755057 0
569490 1
741557 0
1176694 0
126891 1
1121730 2
1080514 0
516747 1
1108283 2
923106 0
1195669 2
47476 0
736856 0
855486 1
564353 0
1190406 0
715848 0
32692 0
467887 1
734878 0
989302 0
917546 0
759483 0
588071 1
751773 0
10582 0
738936 0
585421 1
756988 0
1086520 0
663918 0
1001509 0
645352 0
1185605 0
461185 1
724973 0
743465 1
759046 0
1096929 1
728240 0
1095585 0
587910 0
<Query>dual monitor setup ubuntu</Query>
331972 2
666508 0
999132 0
712797 0
968514 1
475281 0
413716 0
301961 2
749605 0
970007 0
482927 0
522523 0
909460 0
539975 0
454530 0
1127784 0
844365 1
601494 0
1098839 0
571132 0
602128 0
234532 0
986119 1
630348 0
1118901 0
138218 0
707238 1
588073 1
581499 0
964558 0
721563 0
1062528 2
729035 0
758737 2
745518 0
1001917 1
1087819 0
415448 0
988298 1
923374 0
623544 1
873532 0
605163 0
1048117 0
994440 0
617701 0
540033 0
588862 0
624903 0
1038838 1
623292 1
696571 0
968903 1
926964 0
851657 0
553552 0
694003 0
1015436 0
916559 1
634302 0
588281 0
986917 0
1069546 0
755560 0
751638 0
1146793 1
387791 0
1019524 1
685885 1
455531 0
968009 0
511869 0
1065963 0
301946 2
436052 1
927823 0
1065631 0
896262 0
582749 0
996079 2
1192366 2
727586 2
246099 0
586996 0
930789 0
1182922 1
723699 1
1046527 0
530662 2
645690 1
1031439 0
457962 1
697237 0
955056 0
707021 0
434704 0
733143 0
461907 0
300886 0
1001401 0
590166 0
976120 0
588611 0
741768 0
420315 0
946165 1
1196219 1
632571 0
221174 2
580341 0
1013968 0
989256 0
597547 0
618901 0
505254 0
1058599 1
970955 0
594411 0
641691 0
1050156 1
514083 0
560882 0
560529 0
697998 1
569144 1
631463 0
741533 0
378008 0
608421 1
741861 1
621161 0
581947 0
722711 0
301951 2
1186936 0
640248 0
1029089 0
509913 0
593903 0
621376 1
478144 2
391982 0
786869 0
1095429 2
609131 1
614636 0
277075 0
319153 0
1096664 0
1115892 2
859511 0
559297 0
535574 0
581546 1
594703 0
486169 0
563809 0
567510 0
1188356 0
301941 2
498987 0
652714 0
741158 0
751903 0
604735 0
419689 0
699762 0
579083 0
678857 0
429443 0
692274 0
989355 1
298847 0
944668 0
917561 0
713067 0
669872 0
650730 0
1023016 0
434282 0
497112 0
576453 0
708669 0
1073000 0
592016 2
472737 0
583214 0
700348 0
<Query>burning dvd in ubuntu</Query>
890919 1
729082 0
217397 0
1109136 1
1116927 0
1072969 1
697793 0
679620 1
1035942 0
548325 1
744661 0
1127760 0
1106405 0
493540 0
698347 1
576333 0
759451 0
288346 0
442824 0
129595 0
1162427 0
480314 0
1042979 1
331999 2
965253 1
1187459 0
308602 0
34653 1
529567 0
460475 1
571961 0
646199 0
1128446 0
602225 0
343561 0
867456 0
1080810 0
701527 0
663192 2
977215 1
927486 0
1122958 0
1095005 1
1061477 0
215386 1
681396 1
1114325 0
1073094 0
605352 0
498854 1
832544 0
1175915 1
653838 0
722614 1
973365 0
478517 0
710146 0
435650 0
639279 0
739710 0
522465 0
496241 0
880120 0
986308 0
745774 0
222292 0
430761 1
1017620 1
1086038 0
1184877 0
14933 0
656361 2
716285 1
644250 1
650555 0
1065260 0
732051 0
975388 0
981995 0
1027031 0
747836 1
880575 1
925348 1
749092 0
1113857 0
737872 0
706167 0
608370 0
420126 1
734754 0
1007997 2
734901 0
951791 1
194493 0
722025 0
940196 1
725685 0
896771 1
625094 1
829137 0
657516 0
1111823 2
128721 0
424256 1
1130761 0
611331 0
1185372 0
1064932 0
1167147 0
759961 0
950860 1
1192264 0
512698 0
1179737 1
1188161 1
714313 1
749611 0
643359 0
745197 0
594779 0
700740 0
353955 0
592975 1
621378 0
760030 2
1085089 0
741033 0
1132127 0
598504 0
1124923 0
696668 0
1086454 1
680785 0
727122 0
685443 0
1074647 0
1087504 1
717847 0
989550 0
998960 0
1087314 1
565959 1
217146 0
578646 0
705790 0
1108102 0
427714 0
1077619 0
681628 0
522698 0
112902 0
685446 0
659418 0
491290 0
895539 0
991877 1
182415 2
1167763 0
133642 0
574656 0
714820 0
828141 1
341981 0
532366 1
638037 0
708949 0
614871 1
676891 1
756287 0
1175699 0
1194585 0
978648 0
337268 0
1033089 0
1053622 1
<Query>internal microphone not working</Query>
694603 0
621573 0
740403 1
761228 1
597263 0
1081863 0
418681 0
217823 0
700599 0
197865 0
736547 0
636241 0
620992 0
102377 0
727073 0
657775 0
691610 1
575078 0
280121 0
143512 0
636511 0
581099 1
929538 0
703716 0
742765 0
695952 1
1041544 1
707372 0
561662 0
1176702 0
1057863 0
1074927 0
735398 0
699199 0
981509 0
330233 0
1078760 0
732949 0
292539 1
737302 0
205924 0
973201 0
209907 0
544189 0
1118730 0
450620 0
723824 0
255071 1
727022 0
659436 0
657235 0
1057791 0
434169 0
654365 0
702642 2
665930 0
696474 0
1103202 0
541516 0
757859 0
449974 0
686862 0
744402 0
666687 0
580458 1
515358 0
469328 1
1096137 0
448025 0
1011631 0
682891 1
206606 0
723537 0
707231 1
701295 0
647840 0
1180107 0
636559 0
735704 0
664729 0
611345 1
596800 0
995593 0
1075572 0
472894 1
575613 1
369602 0
936352 1
342896 0
624459 0
675990 0
1123055 1
1097759 0
536546 0
1080587 0
1051356 0
717740 0
694997 1
723651 0
1024860 0
406353 0
1097029 0
598725 0
628389 1
749847 1
749014 0
701190 2
1039813 0
936272 0
609174 0
857279 0
529554 0
563204 1
342128 0
577469 0
272166 1
689926 0
399078 0
78155 0
815853 0
206145 0
941099 0
1130821 0
558143 1
403904 0
1187850 1
689094 0
552187 0
1174740 0
609733 0
535440 0
247261 0
941894 0
227308 0
928392 0
198453 0
301038 0
609435 0
921316 0
716697 0
1103602 0
699761 0
712172 0
739641 0
576568 1
379429 0
328296 0
653834 0
707243 0
621466 0
342681 0
706781 0
<Query>dual boot ubuntu mac OS</Query>
337044 0
571507 0
40417 1
234676 0
189133 0
26101 0
23384 1
731490 2
363179 0
367368 0
195414 0
404689 0
380424 0
158555 1
494768 1
454322 0
684962 1
533330 0
690969 1
10903 0
31087 0
258196 1
502042 2
491586 1
216197 0
431907 0
382232 1
527794 0
222983 0
729276 0
552731 0
452262 0
522789 0
62432 1
546966 0
743284 0
566606 1
495347 1
430679 0
456404 0
327922 1
299233 0
540033 0
499257 0
617055 0
476938 0
238401 0
562404 1
540245 0
293600 0
229726 0
577302 0
372643 0
658538 1
206832 0
596520 0
8984 0
148702 0
321116 0
705155 0
747940 0
492535 0
278450 0
504151 0
606580 0
1019504 0
333175 0
678542 1
514710 1
7558 1
563216 0
441860 0
569471 0
249054 0
292201 0
42379 0
721278 1
89960 0
30749 1
48853 0
225566 0
318605 0
1097560 0
736670 0
634396 0
435153 1
276749 0
482660 0
210611 0
300076 0
514416 0
197633 0
13775 0
552671 0
555390 1
529203 0
11541 2
429770 1
299594 1
439169 1
626869 0
456389 0
191456 0
615320 1
655650 1
1096005 0
485203 0
647754 1
487863 0
1129650 2
502007 0
357022 1
1032961 0
549875 0
30345 0
409251 0
564396 0
655822 1
381613 0
728891 0
560882 0
553031 1
351714 0
417464 1
271078 0
452343 0
517109 0
636849 0
632103 1
384449 0
717467 1
163757 0
457890 0
61219 1
281106 0
292491 0
746296 1
327717 2
187311 0
719722 0
597422 1
258232 1
737964 2
493393 0
448549 1
242505 0
259222 2
34765 1
436399 0
218289 0
984640 0
318682 0
214180 2
312652 1
233400 0
439539 1
573611 2
539692 0
719101 1
682521 0
30460 2
327236 1
204346 0
663666 0
1173701 0
671723 0
499665 0
412468 0
1070003 0
352073 0
1197805 0
<Query>installing ubuntu from USB</Query>
1196957 1
1125194 1
978919 0
736953 2
724057 0
976123 0
1014258 0
585647 0
984477 0
1113608 0
695128 0
1088675 0
531893 1
720062 0
1199078 0
1024413 0
1114929 0
539403 0
10903 0
1063834 1
725702 0
1040467 1
1010970 0
962803 0
1162427 1
934929 0
936172 0
654694 0
561167 1
1116427 0
982990 0
1030867 0
619746 0
1181783 0
1016726 0
745476 0
266992 0
993428 0
587130 0
1119600 0
1063292 0
1095584 0
970358 1
337285 1
1033377 0
950731 1
427788 0
1046324 0
407565 0
1047301 0
946356 0
980165 0
1004516 0
595853 0
759077 0
990010 0
1002075 0
1193357 0
1039262 0
798999 0
724279 0
398614 1
1089569 0
1034012 0
751799 0
309507 2
991085 0
961748 2
964507 0
969250 0
1125495 0
997718 0
995006 0
1121851 1
418114 1
968521 1
1107611 0
654476 0
943679 1
591746 0
921352 0
819789 0
574474 0
1024257 2
1174131 1
970844 0
441860 0
952390 1
272244 0
1001692 0
598523 0
747483 0
1188895 0
1124610 0
114551 0
1174946 0
419427 0
746010 0
1047136 2
757702 0
932206 0
1173804 0
994133 0
964311 1
1120729 0
1191122 0
1129435 1
1116552 0
1112708 0
71181 0
1066242 0
991352 0
607169 0
740743 0
1172511 0
938042 1
1014067 0
254838 1
1094855 0
1003557 0
1078515 0
364587 0
1128648 0
972360 0
739906 0
725362 0
971753 1
423160 0
266885 1
1029500 0
966944 0
1007072 0
655077 1
1044113 1
1148192 0
1092773 1
1188457 0
941180 0
553001 0
995274 0
1048901 1
1038050 1
1196638 0
745978 0
608882 0
1060730 2
755427 0
1191803 2
1077893 0
943005 0
629852 0
390770 0
756530 0
724685 0
403792 0
652858 0
582045 0
1097821 0
1002165 0
1045678 1
1059491 0
1068642 0
549606 0
994044 0
1120027 0
1097427 0
402293 0
976056 0
969191 0
1197156 0
990204 1
980401 0
1027355 1
1058180 2
27416 0
923106 0
967841 0
924338 0
1179595 2
521493 0
1060438 1
1149126 0
1031106 0
1197403 0
990470 0
955866 2
1023363 0
999615 0
597439 0
1036374 0
1026226 0
630222 0
245545 0
28326 2
510030 0
955907 0
725305 2
309020 0
1048809 0
1124633 0
1192499 0
733957 0
714839 0
759709 0
715732 0
955125 0
1126492 0
633833 0
<Query>accessing ubuntu home in virtualbox windows</Query>
943900 0
1074837 0
1054303 1
1022807 2
578247 0
974354 0
996652 0
938543 0
588689 0
1040448 0
388840 0
1075595 0
1050820 0
1066234 0
1086385 0
1190686 0
979365 0
1197743 0
456316 0
1187999 0
1033689 0
1059440 0
811524 1
1080461 0
1081211 0
999795 0
739678 0
467336 0
1061262 0
1061282 0
755411 0
923380 0
1071288 0
1069527 0
1190399 0
722228 0
970126 1
993979 0
1069574 0
1005139 0
971631 0
734783 0
845161 0
980165 0
1040004 0
1129976 0
1128889 0
734406 0
540033 0
1078801 1
928050 0
1021322 0
1026312 0
79145 0
1186968 0
510107 0
1127157 0
986887 0
516777 0
1109921 0
1061292 0
1069016 0
191865 0
945561 0
949287 0
1115302 0
1115223 0
973927 0
1074501 1
996597 0
727024 0
964954 0
1144832 0
844899 0
1179357 1
1043957 0
1047693 0
754393 0
753516 1
386584 0
1115115 0
1111225 0
569471 0
647879 0
1192044 0
553326 0
1122441 0
1051305 0
1033401 0
1033262 0
950047 0
996800 0
926022 0
750593 0
928410 0
1042094 0
384519 0
939057 1
1116739 0
1028585 0
511689 0
962482 0
1113957 0
1193083 1
1053545 0
1026986 0
574828 0
1087572 0
970751 0
1030327 1
1062959 0
1036575 0
1070515 0
979196 0
1095997 0
1093454 0
1037402 1
935205 0
709118 0
938108 0
1046039 0
973156 0
751858 0
1022292 0
1071887 0
1113225 0
984023 0
754555 0
1030777 0
1123857 0
1005683 0
729797 0
1112770 0
746817 0
694198 0
1035767 0
821461 0
1183391 0
1128254 0
1198537 0
1074792 0
362881 0
1095254 0
729066 0
1093533 0
1126923 0
966055 0
1177591 0
1131475 0
1021146 0
389909 0
1009008 1
193726 0
754326 1
1175091 0
943103 0
1195924 0
1189695 0
1004919 0
878292 0
749859 0
756717 0
720893 0
1087934 1
999924 0
932549 0
979472 1
433359 0
1077453 0
1046391 0
1132084 1
1156763 0
968672 0
932224 0
1076928 1
979301 0
1195073 2
995588 0
982583 0
<Query>mike not working with skype in ubuntu</Query>
1157002 0
873237 0
117041 0
293997 0
723696 0
1023380 0
627732 0
1084303 1
615010 0
607758 0
102377 0
1089692 0
143512 1
921745 0
968982 0
986423 0
1079900 0
750407 0
991881 0
964661 0
1031561 1
580079 0
578659 0
1119942 0
914952 0
1102941 0
1061251 0
573740 0
561662 0
569237 0
720555 0
1098293 0
981509 1
724502 0
330233 0
1020867 0
1082371 0
729654 0
591318 1
753645 0
953845 0
721334 0
534184 0
695966 0
500746 0
1177425 0
205924 1
577232 0
955786 0
1119040 2
450620 1
627945 0
994370 0
685731 0
747409 0
1196202 0
1033846 0
888441 0
513481 0
1195298 0
1129723 0
541516 0
1121155 0
1092047 0
1105050 0
709485 0
515358 1
626474 0
751356 0
449686 0
697740 0
494041 0
1066736 0
555373 0
709964 0
925961 0
995635 1
1095045 0
255068 0
448025 1
213688 0
703566 1
1192447 0
1090088 0
640465 0
1052443 0
984947 0
995649 1
714783 0
1196441 0
586059 0
1028904 0
729245 0
1027720 0
1180107 0
737307 0
760938 0
976850 1
924998 0
1084097 0
1062099 0
1038667 1
1196948 1
1182108 0
1006943 0
432533 0
17167 0
725179 0
1197114 1
636080 0
726023 0
476053 0
187257 0
1125471 0
664596 0
1102291 0
883558 0
575951 0
1190106 1
1117192 0
691191 0
980051 0
1107902 0
1020342 0
941255 0
980929 1
736250 0
179322 0
257646 0
1022298 0
677303 1
1027610 0
419202 0
744970 0
690666 0
710251 0
924817 0
1184463 0
1040589 0
1001483 0
139941 0
1120258 0
1032890 0
1182611 1
685034 0
1035079 0
22257 0
548700 0
664538 0
1102490 0
292681 0
728843 0
1017675 0
673207 0
718996 0
946194 0
609174 0
1085478 0
1051221 0
577469 0
468809 0
659050 0
924655 0
293313 0
206145 2
242575 0
1096932 0
718456 0
606790 0
1094058 0
264991 0
972470 0
1197248 0
674759 0
905012 0
1192331 0
138939 0
970951 0
402421 0
1023182 0
227308 0
311959 1
1041043 0
695714 0
753383 0
1033050 0
198453 0
1183760 0
986795 0
609435 1
597589 0
434417 0
1137062 0
1014950 0
995448 0
929039 0
1067732 0
734450 0
749078 0
571822 0
638049 0
965429 0
973547 0
1195190 0
1174617 0
379429 0
964745 0
1089789 0
902813 0
1091661 1
220821 0
619068 0
470779 0
621466 1
677403 0
727682 0
963117 0
1050370 0
968595 0
<Query>automount hard drive partitions</Query>
1173884 0
844474 0
906028 0
585024 0
1023820 0
1130216 0
161875 0
738414 0
1176387 0
574417 0
977958 0
990578 0
1013141 0
608210 1
1035739 0
1023289 0
1112683 0
960660 0
1091525 1
1190050 1
542934 0
930608 0
1198259 0
711586 0
1048566 1
1181221 1
639408 0
967389 0
937957 0
700132 0
555232 0
1001624 1
947383 0
1182350 0
697468 0
928838 1
689887 1
1030582 0
1194420 0
1024239 0
940785 0
1064266 0
1010602 0
1113043 0
998517 1
663270 1
932631 0
954145 0
1029757 1
684790 0
439196 2
1027950 1
940130 0
1052295 0
730372 0
1115344 0
1113261 1
1173206 0
1036015 2
496396 2
1095850 0
1176150 0
811628 1
970934 1
1013045 0
1111816 0
1010837 0
600246 0
965574 1
1099837 0
724227 0
1114269 0
933032 0
1053369 0
655369 0
224622 0
1008070 1
948313 1
1056266 0
1042651 0
1111316 1
1114733 0
1070889 0
934941 0
535695 0
1173578 0
1071860 0
926233 1
1022335 0
1193391 0
950725 1
1193174 1
718247 0
295036 0
997057 0
666135 1
209418 0
1035846 1
857374 0
1053545 0
1008213 0
633209 0
938810 0
1095164 1
755665 1
1026434 1
1189761 1
46765 0
1059970 1
1095548 0
1114940 0
435390 0
1073859 0
934266 0
750490 1
1129847 0
923202 0
72890 0
257781 0
625093 0
1040164 1
940344 2
1116883 0
1005823 1
1008195 0
1024201 0
1060007 1
944100 2
588408 0
1017257 0
1088259 1
921679 0
1070886 1
451987 0
831745 0
1027527 1
1034250 0
1069959 0
582045 0
732858 2
1053766 0
724801 1
999714 0
752369 0
1097427 0
1193304 0
1041796 0
747788 0
1019273 1
1088059 0
754020 1
979181 0
983929 0
1103265 0
1061033 1
954836 0
928840 0
1074008 1
1039966 1
961940 1
1197676 1
1002088 0
1016372 2
1197898 1
1178850 0
1108454 0
703424 1
932509 0
821405 1